exponent bw (Hz) peak/bg  shape %  dev/segment  segments K  minutes
     1.0     1.0     0.5     0.03     1.19e-07    66180090 4527753.1
     1.0     1.0     1.0     0.03     3.83e-07    20517509 1403718.5
     1.0     1.0     3.0     0.03     1.93e-06     4062075 277909.5
     1.0     1.5     0.5     0.10     2.15e-06     3655400 250086.5
     1.0     1.5     1.0     0.10     6.97e-06     1126819  77092.0
     1.0     1.5     3.0     0.10     3.57e-05      219696  15030.6
     1.0     2.5     0.5     0.95     6.48e-05      121160   8289.3
     1.0     2.5     1.0     0.95     2.11e-04       37209   2545.7
     1.0     2.5     3.0     0.95     1.09e-03        7203    492.8
     1.4     1.0     0.5     0.04     2.32e-07    33775486 2310771.4
     1.4     1.0     1.0     0.04     7.50e-07    10471318 716401.9
     1.4     1.0     3.0     0.04     3.79e-06     2073153 141836.1
     1.4     1.5     0.5     0.15     4.20e-06     1867891 127793.0
     1.4     1.5     1.0     0.15     1.36e-05      575821  39395.2
     1.4     1.5     3.0     0.15     6.99e-05      112280   7681.7
     1.4     2.5     0.5     1.98     1.27e-04       61945   4238.0
     1.4     2.5     1.0     1.98     4.13e-04       19027   1301.8
     1.4     2.5     3.0     1.98     2.13e-03        3686    252.2
     1.5     1.0     0.5     0.04     2.67e-07    29424406 2013089.5
     1.5     1.0     1.0     0.04     8.61e-07     9122378 624113.3
     1.5     1.0     3.0     0.04     4.35e-06     1806092 123564.9
     1.5     1.5     0.5     0.17     4.82e-06     1627770 111364.9
     1.5     1.5     1.0     0.17     1.56e-05      501803  34331.2
     1.5     1.5     3.0     0.17     8.02e-05       97850   6694.4
     1.5     2.5     0.5     2.38     1.45e-04       53994   3694.0
     1.5     2.5     1.0     2.38     4.73e-04       16586   1134.7
     1.5     2.5     3.0     2.38     2.44e-03        3214    219.9
     2.0     1.0     0.5     0.06     4.74e-07    16557423 1132786.6
     2.0     1.0     1.0     0.06     1.53e-06     5133294 351197.6
     2.0     1.0     3.0     0.06     7.72e-06     1016333  69533.1
     2.0     1.5     0.5     0.24     8.56e-06      917385  62763.5
     2.0     1.5     1.0     0.24     2.78e-05      282822  19349.4
     2.0     1.5     3.0     0.24     1.42e-04       55156   3773.6
     2.0     2.5     0.5     5.52     2.58e-04       30478   2085.2
     2.0     2.5     1.0     5.52     8.38e-04        9364    640.7
     2.0     2.5     3.0     5.52     4.32e-03        1816    124.2
